11.6629808176605
9.15918418014134
15.3254901086806
10.5619603650203
13.4275784394269
11.2465784004784
13.6885196677871
10.7100390167228
8.90385168024382
13.3154328167508
6.71921808519675
11.3856127246803
5.91704640231938
4.43191853704306
8.68043377250998
9.41815929827774
14.1892945409143
10.301989737157
9.65668356985574
12.1066756897778
10.7876280129435
15.5084899055376
11.0722072564594
6.8637696204752
11.8605523820132
10.4480635879135
5.62204943815799
3.91886859766162
6.82912671926525
7.8155688524234
9.97536798983224
12.5433921272133
8.84952551295849
8.42046546917462
9.18032211157267
8.18277518395494
9.00139808359678
9.27538736344614
7.4116738023321
7.45908774265815
10.3010210352489
14.770100580905
11.6994846283353
14.8434384814187
8.59404952232501
7.82169579835587
6.92998299440967
4.18655342026348
10.8314418677351
14.2250609998194
10.8193875678695
12.2665752067538
8.95294476591557
8.36142772295694
10.7030859848509
9.10651533345875
7.4785716016558
12.4795310681664
14.4510736932727
12.0990269242546
6.21527754659139
10.8948152311013
9.55657868215992
7.33323299902242
13.0391975751424
7.23842475221034
8.27831648741841
13.4510964537465
13.4314736863062
9.2816717116952
6.73959355195193
9.81565904449814
8.44990796687936
4.27697893313056
10.3214694439253
6.46787443721452
15.2362807375476
8.80390442025087
11.3273182731855
11.3508383862672
9.77181352633264
10.8925396471613
6.41693586802252
4.00937354597176
14.1655391420681
9.75254927930497
11.1775434628151
6.7516908597297
14.8063611743113
13.0122069083271
11.1396871004726
8.30348390705188
6.35866570659283
5.90709522218513
5.75160114988643
9.23326590873454
6.32372213819485
10.6415027934983
10.2016706667026
12.5699053389956
8.89248194254777
11.8344923092008
5.11372804569145
10.4270730329379
9.20592098685511
8.49528755996498
13.6702161257724
11.2961565402743
9.97956865612667
15.0190720258125
7.4004498668146
14.9084376687321
6.93669232165391
7.56470658460941
9.84771142527006
9.66222578594765
12.5579508686325
12.2420400905737
11.1684048040869
9.44194127274706
13.9764426003614
11.3625628234613
9.74995435493192
9.78577489430473
5.96351111485959
9.3973698796819
9.29098460666629
9.82646650420278
6.90418047995268
7.4003525222002
12.5428328691625
10.3702656757111
11.2045657010822
12.7669771043805
15.3597803896523
9.46211240177966
8.82254983354594
12.1661882375888
12.8755727729138
6.11359876242918
11.0180851493612
6.55671194788684
6.7272463448871
4.01911356647507
11.2907744672662
15.1215376029254
5.25324512538995
8.92898943524641
4.90403934515029
6.54408897698406
1.46570846544487
15.1437327699201
6.31354953726414
9.05778111808322
9.79026302712919
7.48719570664243
10.7405816667378
2.27461532157303
10.0129058029579
17.0378877450048
10.1918104349098
13.3276863473015
8.727776949222
11.9632644697725
11.7810291952528
7.04497088669831
10.8512705924467
10.0884195626471
12.3990800658882
6.09018218913388
18.3111314820938
8.96299522609415
13.0194859687905
18.4438123950823
12.4830894700807
18.6439941897183
11.0505933884424
7.28212552510392
12.4468306786404
8.52097218928489
8.40715186532827
11.9046655310794
3.77933500476935
9.41792368118758
10.5773629557116
6.14404574319432
10.6290435407559
9.10097013280654
6.86837851368452
12.4571946325491
13.0046648743798
11.3044396539855
11.395200093586
6.70404433104703
11.832777669016
10.0488682050762
12.2089521968915
13.7386332898273
7.80211547453196
9.78606766525956
13.0947558873418
12.4571455098352
8.65258749862187
13.317764645621
13.7780848193559
8.18141461821129
5.77486604412771
15.0873153122658
6.04535533517302
7.26946712232814
4.55745753103682
10.5696703728149
7.39738302124321
11.3876298857675
4.95771970738387
13.8436683141777
6.72656804505738
10.7569105173095
9.57728800682076
5.15946627453297
8.1656168281596
9.55951054485848
8.90979431134274
12.1252175295602
8.67822642447157
11.6647763987383
8.49618013706894
10.4692641129324
14.6894284080701
11.5352898769854
9.99731243215955
5.44092981862465
9.37922454837219
12.1301855790481
4.50351414886797
9.32014505476565
8.47713323352966
6.30470490052641
7.3347290636171
8.46923232587606
10.6247504290395
10.5285816412076
2.85495540078558
6.68605051276437
8.17177186184795
11.5023075137947
8.70093506557409
8.98049790020646
3.83411918460217
9.46025954072002
11.8413527838087
11.2378435720284
8.62331899158152
7.98046449557429
10.5791628895768
14.1487871703141
10.1949020169805
16.9067311019069
3.74896663913049
6.52855232448693
11.8714169360286
5.43142274567264
2.16683201541229
17.5797214587254
11.1336716045024
10.0853398757166
7.88191436136409
11.9043989606116
13.5064841849119
9.07545200778501
7.88865743703802
6.19001957180441
10.2867309416246
8.66029322340238
4.87185509154984
5.67333034727525
13.8195052748401
12.2975645113421
7.20881317717702
14.3441197340713
8.46253933195231
17.0081722899194
11.964183934208
9.58181370196333
8.48805286699492
10.1718518738245
5.68036094228597
13.7645369546044
11.2599636412585
10.3178862429176
10.2697915671311
2.85668820769255
18.7170657019544
10.7703558376381
10.4688322746339
6.14525813002155
8.65420727803314
5.23118555260734
6.23195259766668
9.67946918305424
6.17550660214498
6.68857993906804
10.4056990499763
11.0000278616403
6.8847847976016
10.6591358186067
11.1918783914079
14.3786518615036
6.5087625254027
5.93500648387224
13.2168245056572
13.2100074741207
9.49968813772381
13.3421728845839
3.30521626336548
14.7524675461155
6.72512281242728
11.4308269542235
11.0045743943138
10.4976537059306
11.0152218975369
11.9607898557309
7.29134875100553
9.91421505431812
7.81527538177011
9.59912617008171
12.3644558165986
7.24499239898017
14.0558775382058
11.6838425906399
13.9665819619448
12.862795212382
12.629689466524
12.0450284369985
11.3001929861604
14.5874600485723
3.80062864950494
12.6336341686414
14.2992448207527
10.2895738594616
3.04410956529017
8.61856325377578
6.95309451103933
7.17482208263447
14.1247877651667
10.4263421516893
11.4232918105795
5.55572332990185
14.5332723568654
10.3138103815178
16.3234456288476
14.7321436610608
10.1844851096578
9.28621302699118
9.46807935995065
6.47820924930488
20.7665908603962
13.6850433753872
12.8879493448762
10.5411137729814
10.4503742815904
11.2339984286311
15.9742430156623
14.1149049775966
10.062594375412
4.3861006583436
10.3790648633456
6.96815361289111
11.143775679927
12.2585228570635
11.0930008570587
7.71490923255052
9.39315997775034
14.9464544296061
14.3886462711369
13.3000545123648
10.3586265672476
11.9300860682715
8.27809204310342
10.352027390408
12.7855954311916
10.6029227520151
9.65761752466371
8.32915338775166
9.85027732255048
6.12795805012314
11.0237372870761
15.0746586582039
9.3717273595712
10.4193219687077
4.56028560514361
10.9414470797918
12.7771891912819
9.18250811879793
10.8862116789349
14.7957901938474
7.56700836906874
13.4926760064157
9.91878940740366
7.79018299367713
10.6352467194405
10.4973081404836
11.9002131384553
7.14100674788397
8.2247847119937
9.99683782259194
9.86775589560426
10.1987092959849
8.8306883225086
11.1871188000851
9.56194818947323
14.9519675944749
15.3087611936547
10.2535541676002
12.2275866347459
10.7131466505544
10.3048218680164
11.0420156987956
11.6158534701161
9.39305312925355
8.28425275225097
4.84342662462602
5.4020042906327
13.5564222024045
6.73884509934457
5.53401146273089
11.6203680386729
14.6339313935167
8.58221113793845
12.0528118436747
12.8073352774107
12.3497184886933
8.19652606958592
9.22348933452063
12.1283418852503
10.6091820064424
13.0027738251146
12.0789730945415
13.2508284503365
13.1179192664526
11.5315507484214
14.0655068004516
6.91856685504777
10.7383200417653
4.32660261947004
6.33979816567859
8.88667393142174
13.7973301597857
8.3434783944194
9.23288412090826
6.62044862519483
2.96621140163165
8.12151801828625
7.96254736359992
9.80134003854324
9.55865801333579
14.4851579129671
10.3840974823932
6.93503841246859
16.7265229538954
8.43953287339324
6.86626118914694
14.9506901455747
11.1028706836551
6.32302383861369
10.9341081569349
11.9894490670199
10.4202648495469
9.04952084214846
14.2955789740253
6.69699242624911
11.7119619801721
17.1130977260655
7.15970235124129
13.7271191850425
2.78853291047372
11.8334890106345
14.5374340560377
13.4154870979018
11.1764067804564
8.92538070718353
14.4037619341687
7.63299195449304
11.7437996233706
9.39014212092351
10.5916224426146
8.42279566996405
10.665164344393
9.20174310245534
8.72992010638815
5.04469208324322
6.73502948429542
8.74609784916387
11.6407826002676
6.57620730105171
8.55340903175368
10.3808992793259
10.6702801941305
6.74521615812111
11.4930499592452
12.7504484964497
4.9521107325898
9.81521206235614
15.5134978556548
6.27546647192794
13.9115246373667
7.40356823188391
7.45456721247556
5.91122527585964
7.12143604957799
6.29660486445591
9.02559312397549
14.3641889448899
9.39692690629577
10.5679513353079
8.72058926774265
7.91167650656035
11.521187808639
14.1650943978081
10.8317769396705
6.82803370320604
9.99391691720102
12.0385560225262
10.5243845991874
4.32665968155322
7.89659567738521
5.93703206985428
10.4378073719058
12.899275712946
4.81177795654773
8.46517118883484
7.30804170234647
10.5343844608624
6.04574979703761
13.3695173913706
12.5991579322332
8.24707865031404
13.9293210998132
10.5663346586412
14.9223448856417
5.31279639657908
9.8828920062931
8.52580481721571
14.4915005440862
13.002983844278
13.3649269016116
13.0061026016236
10.6762353719331
5.69516638077221
10.6909749305477
5.84875637035903
9.79179477321272
11.0334300081208
11.9681093721274
8.42692374563596
9.00808262069375
8.00692896332774
17.7898594946675
14.2455122409133
5.65563314397005
10.4627281769231
11.7884353988942
13.255783388859
11.220262654831
12.2901490670551
13.2719785143425
12.7876443337895
10.1666773622334
11.1041302562775
9.91120092561189
10.7012140143531
8.23486815993095
7.81696586454075
10.0343003766044
11.4797974506359
9.0747340618564
10.5382453347447
10.181204807836
10.3892693896162
7.68310964860947
12.3606828069414
8.89293467113188
9.2414128465515
9.07457930232717
7.34515737390092
9.50935787669575
9.41298663994416
9.89243428974784
8.62558911163532
6.74395712902071
8.43666111081386
7.71392723329726
10.7417305352856
10.0176698286927
3.99247515945481
11.5483281522695
13.6038145218566
14.1168184152167
4.59787814307939
12.9886202918052
12.8717246514368
11.2830577841951
10.4850472867358
7.15558721886272
15.0116965155003
10.6212667407067
7.79769174744649
3.86993570357176
13.9461110317916
11.8344465917332
13.5295137309063
5.23435727818216
13.4431922049145
7.05236808691831
12.1504374233165
14.0852883068208
11.9733081342853
12.305098799499
8.21894121361742
10.2994389185317
13.5913076674025
12.5152182258699
9.94298619258627
12.5565730349769
4.65916949889573
12.5143404555243
10.6570838144791
10.9485754152695
9.96654979100104
12.9848343831026
8.85199688436791
10.9915652266349
14.939259969098
13.1134287292878
6.65272015931537
9.806044935145
11.6272585178222
6.49081273683973
8.47375253167752
10.9702040970197
9.05257693612298
7.11390233700772
9.01802703225407
11.019264817495
14.2769666033673
9.26670316706342
8.70786575441805
6.60506970624964
13.5234880076419
7.96596589140775
12.282692705328
7.91582742135377
11.6918542587954
12.118028420041
11.2554697761241
12.7218396775016
4.26210249553742
9.89144761004865
6.44912237595683
2.52077238657759
8.12223718297968
7.85997864807276
7.97458420975982
5.07910954171586
12.9840963962563
10.5975250015293
8.00008012511994
4.00414757303468
11.1176529111492
8.23766903871631
15.4789571104823
14.6929403870085
9.09004273963288
9.66546906425032
9.67035759825104
9.54106579293656
9.53226814594461
6.67059103879462
6.43920415689715
7.51011962537762
12.7075498788758
13.3215017518665
8.29186915396948
12.5963341214485
12.3452836761958
11.7860566761858
5.95057429717459
9.26806635871976
6.66571048233429
5.90917171140196
6.62132737765653
8.13693859148204
11.6392202977123
11.3812803283457
5.64622468880521
13.6366972356885
9.5566841756226
10.1325574020552
10.4310622910168
8.21296995486844
10.4283969584686
7.11779892732218
10.1144460093169
9.07763429788919
11.3943328252085
11.5754373420457
12.0512908057443
13.0461594509886
12.1937619804257
4.48287399712944
10.4196000771967
13.3228698054747
7.66577210823304
13.0957612486242
12.8673255619471
8.13149173770409
6.30969917490373
11.6530092207101
9.60053190368378
9.92647901739445
8.35341478644999
6.68041897333146
15.7643341461011
8.69973377828119
14.5832732544138
12.1211147332348
5.87778477066086
8.9706626724886
12.0256913626551
6.28906831424408
13.9807056838068
14.5686119929711
7.68582721739318
12.7315652178301
9.52837591809251
7.44949329320239
6.95823365090966
9.05267564371566
8.7856443701755
11.5894912340016
4.33495872525716
5.57191881698123
11.7588097479876
11.6008969884569
10.5933367287479
11.0505367187954
6.51569346486606
8.8487050788664
9.14185169302813
16.2009249834344
9.06159794320743
7.17266467329124
10.1197502057145
15.8877175594365
9.24827501581565
12.1677706093463
12.4293871852195
11.0283776772619
11.9049177136346
6.96728992925466
9.026290765733
4.64953350335967
9.0295188207975
9.54219069587133
14.9398579060118
19.9652500165142
15.3365490455848
8.28688943474879
6.78750596081812
9.23426771446514
12.9093085310277
12.5040380385105
9.68146619288065
8.23668973933586
8.95773604202101
5.67316151224689
11.3956316223859
8.20945999160108
7.66101261163798
9.58247615661172
12.9538621666585
12.3549261366679
14.1747501112077
6.47689199847212
8.41851149505087
5.71549283144843
12.9857840465196
9.98192035727887
9.24118271334334
12.627235284018
15.7268998094417
6.83419776458576
11.7294499370383
10.9014802387783
5.7282422296938
10.8126930954444
2.74001852126003
4.24148088575483
11.815727028608
8.41957894573031
14.4001332194167
10.2668202926404
4.00487977452316
14.2548017042585
13.1948135414993
10.4567054120973
10.0854638056924
13.4465142095848
9.54283524686736
7.55853023451309
14.5773164582702
13.0760868815939
10.0074526973559
9.57966936541263
7.6634992209691
12.4063637001008
8.099237260646
8.64422258741875
10.8581520396644
6.25919285415351
10.2381839179997
10.9376150897067
14.1837806503581
11.6807705126476
9.30233059860565
6.93041337707999
9.02718464207513
17.3333842681076
9.25406742435442
13.2797875709291
9.69189101370303
8.35825367340681
9.85920326501219
11.1552911628047
12.2076908314816
13.3811748626658
12.3254836068573
8.02552410203806
12.8273552086672
7.09067896446978
13.7568490713794
13.7852412912479
8.47067257416286
8.6484102505226
6.26463764165679
9.73733038966206
9.82008207223112
10.0235387214235
11.637846440463
12.2455407015778
7.14329806031469
9.67947064819877
6.55886860315819
7.7668838538811
9.79522012210877
11.7551015361693
11.4541790400576
7.77694235083125
12.8206844949865
14.3264944262261
7.8607916206709
7.51096144378256
7.73032191172661
14.1053229660387
7.90011318135714
12.7556367200833
10.3347397047346
8.67329991670058
8.34296082495404
10.6874851601188
11.4610222241656
8.64317480143841
9.46523574882124
7.59123440091149
2.25775941997771
9.59161043571046
11.2852543982925
11.8220539657413
9.31926559224273
10.0964217447659
15.523882696435
14.5016796607192
10.7103092063602
10.8649403378709
12.5566274255813
10.6383448170955
8.66259117657282
9.50216925305364
7.75131655065077
6.79803832485977
14.0399081295486
10.7320672443428
4.9205512479175
9.43517048673754
10.2426726940248
12.5530723833154
14.2126419815377
7.32854005226099
10.6940376783739
12.5368538235574
8.95430455519905
7.29038695222573
16.8639834082898
8.16350297251506
9.35773687643073
11.5701564751092
2.01745782685585
8.22031219432054
7.74664888991944
9.3520847039667
12.0012583087534
9.50853924464298
7.5783596527766
9.8597463215909
13.3361590330807
10.9868838680881
14.7841989585228
15.2584642311004
8.01373235513256
4.67180068552197
12.4219644056602
9.24820477406557
7.51717824813996
7.25168391233741
9.59351483054146
8.52378509733545
10.3158013834325
10.3071742300684
6.3714929365461
7.53310165762788
13.8769758292597
9.84238269554979
8.61326874052733
11.057142511549
13.323925539312
9.7775032025369
10.8410654505452
8.9311141865328
9.58959747147286
9.05015581484728
7.32836644352717
15.4120167886162
6.92223675860813
8.59484408617749
10.8830351900633
17.3820426436989
11.5870116098649
6.45874508385629
7.27772379191268
9.98638986579748
7.44801512694815
12.8255856935655
9.35184923758492
13.7023876104315
8.324969823539
13.4270837375313
11.5315498127388
8.23851242982639
6.18784782292254
9.68263034956071
8.20838138212068
13.3538860356717
12.9260205902334
8.44942712728884
11.0817671752986
5.9172385085896
8.22721382236915
5.91965924398961
12.6797452050184
4.93089966448832
9.29944174192701
12.5265152136317
6.71621408026769
6.64814974780131
3.03712640836322
13.4352827301801
11.7304477427277
9.27019762871315
7.38682198118506
7.75412654389879
10.3264687195486
4.75820485463224
9.79185379481866
8.68244713078693
8.11423845845024
8.5773890910455
10.2859968221226
10.0534120297242
10.5115507906096
8.53076925231774
9.24329623741655
7.82552991098147
9.9009773571831
10.8863458849856
7.93582326866821
9.96120794867918
8.84020470252152
12.3019262309536
15.9984842292819
14.9868267772227
8.23937214827889
13.3461238991407
13.7489903119558
9.84854945633412
11.1308686475449
6.35159248015014
9.38022958507191
8.41296023421664
10.887457801003
14.6658624220359
11.0822754613848
6.97546719196579
11.8848567332983
8.59346838949306
10.1715037848811
10.254171993066
9.01049614735829
8.23644510228386
11.9641225811387
10.8610339963375
5.9089739452153
12.45583937994
12.0589535904456
5.64006270546063
9.34042022599761
8.69174396678144
9.23445789158408
4.82292620110133
7.7008171154106
9.21411563095339
15.176006280101
11.2318048690692
7.6104086465242
4.57526955870479
8.49614083788144
8.76584036298703
11.8445712298461
5.60394270429881
14.952968800557
11.2650580578666
7.36071934049449
9.35432142919471
10.4181623131779
13.9579161720559
7.38594238480538
6.99927360704387
16.8035400816598
9.01362642163437
7.17343258188679
13.9240739774012
6.43949998215145
14.051669504793
10.006968867616
8.88401379476115
9.57537301257341
8.27717724107046
15.3973634717157
12.7963642996977
8.5175187542472
4.39850441734379
8.22347349165685
7.72887746326612
2.39422791031068
14.0026044789492
10.9477067619669
10.7818612767582
9.51853745592181
11.6955961084959
10.9150301566269
7.6175456092752
13.6595330964097
11.5945745829332
18.5545553578228
9.96319696840406
11.0070584006899
8.71154140600933
14.9148847890868
4.35319932743834
16.175622750656
14.9777653799726
5.09703657961078
18.3862978017404
15.9876091669017
13.5438804511493
14.0194909343312
8.81655415383265
9.32844218766274
16.0278475897783
13.6298886031139
10.6945982125846
3.93834453546116
7.57004670114817
10.6541281937914
12.1108179589084
5.29150377165993
14.7873430043252
5.75735636852726
12.9634428630202
8.31589492707714
11.3432191727822
8.63068189215414
8.56799430833003
11.6250906647536
8.49621942886187
15.2077544824122
8.49610129082817
6.55514221631735
14.7789906003331
14.0379856127063
13.7742367619482
10.3582088425653
8.19280353673421
13.2460381426207
6.974469281971
9.6026962009194
12.7710628344795
8.15039144943636
6.21632770591583
1.46598681142145
10.4673195313494
5.76499566069521
11.3872309584476
9.4539234634432
8.25581070058307
11.76819541401
13.0113754307041
11.5537239091784
11.9852219569785
4.9398874877714
9.76108061501034
20.2904341884014
13.9072162879478
14.4607926198397
5.2251219019092
13.4072314663578
7.78740847341079
8.25770486938438
10.9451735619098
12.8759726851705
4.74336042779551
8.16497752199723
14.2223271081858
6.53908599395125
9.40801603433784
7.95057077599016
9.51551514828014
8.15487595936242
11.2844956023439
7.86188575270718
9.15387040343725
9.80624180964753
9.44321882582828
13.8966480817693
6.81518671333107
3.80356105505651
8.876157123068
14.016272715299
14.6070219196159
5.65227277857066
7.21088009112496
11.0521397197419
14.2395837044299
10.7252682885972
6.54358156696627
9.67160234755304
15.3522865521892
12.5425608412835
7.17808337120623
10.1621822850109
10.6147711397741
7.18262445286989
6.66689810698531
10.2066567620286
13.2926142633583
6.47719110199318
6.42015907355946
11.6275939947975
11.0224567574051
11.3952307599104
11.2451562285301
10.8592361751803
9.64816054479902
9.44121997730847
8.8100204283911
13.287260151434
11.7615854814677
12.6888632638156
13.355467726345
11.2227682000668
6.08457565006251
10.8022413369739
20.0484495208786
9.7862803801356
10.0286127780826
9.337802352417
9.30430666913805
8.13815976855368
9.35753308810018
8.48144600814069
12.7908256792748
7.26071082910435
9.32398045864852
11.947940132001
15.3773763860153
6.75042127020406
10.6075696212457
8.56153247813016
15.0684493656868
10.6013507098157
4.65996009228358
14.6599478347854
14.3721218655453
13.6132960667425
4.95299228440979
13.3098720139009
5.97207693135409
7.15069063835179
9.46468516937687
11.7854643331706
7.88221713043054
13.2134091876126
13.8478896026275
13.0209664973023
9.37850786979931
8.33686569759481
14.9824524694238
13.4781133462314
9.02038974090734
10.2063683672436
7.11047027900112
6.73699025055011
8.76670768639008
7.84028666488021
13.9117939139352
9.17703730798933
11.1979589478552
6.96281881744155
9.25962272448423
6.63281871490472
8.95086251748861
12.3089426238026
12.5608702297301
12.6091197918302
10.7145632244773
14.7889956593672
5.96916166868017
2.86370938924349
9.96106828613339
8.69942347412251
9.47302296457078
13.0997660391317
16.7137339494269
10.5530512224474
6.71809654055451
7.90079949248901
8.14582962808752
10.7404498999004
7.4102814496799
10.6413363507556
7.58551839919901
10.2954330782183
14.311122362137
5.49053848193314
12.2618036989026
8.1387821594316
7.55422981609436
5.03646887382488
14.2182254065872
8.46913825669755
11.6305567162295
12.1840316567046
6.47578297640992
8.78792432494086
9.8874835056682
8.97403323914587
10.3382979749233
10.1759634885817
8.51006582067245
13.3737245818302
10.2906329927396
10.2698983504186
11.1630732102226
11.0394523079385
8.87473539984644
10.2550703807345
11.6915786552252
8.74134936607634
10.7438754925218
11.4665238341761
6.91263406531309
14.7324560034197
9.45457097159237
7.55678669502044
6.68258370550929
13.347981168054
12.028285654608
2.84820490211109
6.46465913438749
11.4231446460683
7.12498533718824
4.78873982051668
8.9650312342407
12.4174213550469
7.24300833279753
10.195762945478
11.2772154828515
6.72497310775851
12.2189123387583
5.69117037054105
9.95533230675745
11.2498872309307
11.171077036808
12.1376770275517
9.36041752401001
5.54660816582304
11.4011659604328
9.8873567197712
6.25264231752477
11.4712952426065
9.40694153777293
9.53146690160832
8.05778664228441
11.5948862825814
13.7538642944095
6.82609128496558
6.42777862094658
7.88524965919478
7.21559115692379
9.1930621152863
10.425395842524
9.07203796826334
7.57725143119626
6.34107591933962
7.47185389206644
8.53561486342157
7.65214482949906
12.5917550982442
13.3619818721639
14.5417541030096
9.25762410852912
9.60934757268525
5.88017896400433
14.6286241952359
10.3379526950615
9.92560641664643
7.38847079675515
11.7249976441787
11.9998804101823
6.96464702950068
10.5672471205911
4.01470480949977
9.63861636102379
13.3741714593349
6.08510823167716
7.54325996031847
12.9845013775532
10.7089369913673
10.8279841901283
11.0729189355566
12.6312118743006
13.140052031089
11.5799481493529
10.8065638778456
10.5612805333637
13.530393355376
12.4937472362537
14.9506259275729
9.43128993886598
6.72087193376867
12.3928968990395
6.95868092529077
12.4488235830305
9.94211396839288
18.7065889769155
6.13837654661179
9.21167948689653
5.40141067642509
5.89544574917733
7.75464032837445
13.2163133533134
6.79862652471746
11.1327246272012
7.83162746939787
10.7284790117736
11.160521421319
10.8715436853686
11.28736377631
4.56538747524986
13.6579425344271
9.89862022585082
15.3293905539706
13.1981284167617
15.2887292171884
10.6602150413328
6.603774748268
8.24786768905739
12.0999784243388
9.38318143800498
6.56082859103234
8.40094757298625
5.83327886121999
7.50022683476773
10.1658628112405
7.6026400797427
7.97125874990676
14.3713694199164
6.91102075637646
11.2648158382936
9.07610069044759
9.84191363526783
9.58388683412377
11.2376770242675
10.0936103179762
11.7829005047133
9.9660216767664
10.7051525174443
8.5055462273584
9.70593687744202
5.94678685341214
10.6143132366088
13.2149053136151
12.0666782148834
12.6421793612804
15.2680128586256
13.0449626496997
11.6765586796933
9.44269075918993
13.0199270591562
4.22595534763033
10.1273410270942
8.7576026078251
8.73199271765578
7.00053248555457
8.06096182228678
9.24953494545695
9.14677072870909
14.7339728984757
4.81417297268523
11.2367296521676
9.61411261016464
7.78180894807479
10.1109213882443
9.98557713678369
8.83822522127871
4.99761992081932
15.076745174888
9.7647714482982
14.0608150056773
10.0603896808914
12.7046689279821
10.028594580885
10.2212783143274
6.18372437423479
3.6596937166567
12.2759822033941
15.6578825758055
9.19665797455845
15.2697570820588
7.69319487089286
10.6931899626189
10.2095398365571
10.4357494667902
11.3214406022787
9.77152486199236
9.37887321147832
10.6697821528968
8.91864833416265
11.8271212373951
7.74207290864281
5.02442646194761
14.1315417219575
12.7014271254108
4.82949304713835
12.7674484912673
9.06350429155622
11.7257989280733
10.5961427308026
6.68339452048126
11.3717840436642
9.76156281486967
12.7074198647853
9.67672482500332
10.7883480795739
4.51964754590936
9.99067134637719
14.1786861630245
10.6775604462925
7.38797465109202
8.51652836753497
12.0160850432028
10.4410728981756
8.4899015716267
11.6202898687574
9.69606632059253
11.177316550123
9.11044021056601
11.8125594828694
16.4117105219783
6.50864260436735
8.14594041424343
7.20885342819112
11.8667495529514
5.50236774032657
5.19482551789636
6.30727430453977
12.0987821055218
11.7363248476886
8.16989742457358
5.99277372283004
9.2308054774725
7.27390556933115
6.43118956882896
12.6042943278696
5.79460783459324
8.05073395668682
11.9946863011652
14.4524054064593
12.6138474207269
10.9415256502059
4.15713006996492
3.53746364220294
11.7647171447459
9.81601106377241
8.69563455145921
10.7817958101113
12.9217254765727
13.2728853138056
10.6640158139621
9.31502756068047
7.14136554658431
9.10286435552928
12.1714634314351
12.8286159492071
8.88794891489969
11.4105421501758
10.5699591848312
11.8671247153793
12.6539668657331
10.791863745776
8.38886589685708
11.1608517177049
10.2127461004129
13.0936950979325
4.44100051071152
11.1890864392925
9.03779774910489
10.7611730019652
10.9871985553782
7.64478821107889
13.3358019008018
7.61769958500273
8.62102529351137
9.74655373290946
13.2566553478771
12.0102551363963
9.4873973605323
10.4373821721708
7.25524734860151
11.5311852758232
11.0224082011533
9.33853165766493
12.5920676032239
10.1492369670085
9.43803202959564
8.35978832848989
11.4219838780155
9.98922333377388
9.34882023352295
19.6390369773307
11.5058483521735
11.3106029853478
16.9055815009682
6.02790244773914
8.79166519725161
12.1508104881998
11.4987495499488
11.1011477133014
9.9264850559302
10.2441770247328
14.8324367299304
11.4231676459585
7.48706394829646
9.21731947153857
16.8316567544711
5.50611150940223
12.2268824679529
13.7916089218915
7.69174014572462
11.699251890358
8.23127635113616
6.49189473021739
13.6969189221227
12.534489335413
8.07441231718776
9.89406963235371
8.66166864774164
6.58190187496272
10.7642640638158
10.1692220943105
6.56318624993432
14.6899653805524
4.46042489452234
12.7057635129472
5.7796785713863
5.39805601650994
11.7980974964925
6.75521531819217
9.98571605313826
11.0622966174054
9.73791700569645
11.9161128689245
10.5585676794846
14.0295917473239
5.5076241732389
6.13220443086427
10.0299998087412
8.20571442371263
9.53261941402159
17.3482697248286
10.0635903381115
12.037427166042
6.01455613913318
13.1337141803943
7.98188462248722
5.97249234170477
4.26733089779309
11.4712398848896
7.35529672238155
6.39175732186185
15.9119712310973
7.5451644536042
12.2964755866086
7.03523465869834
11.3438954574266
5.77176127237577
13.9731694961791
10.3774284003526
7.83961078093156
13.0594092897687
11.7091445174268
12.7364456878019
10.3322077999441
10.8324579438392
11.9028730389786
8.5039095602074
10.2006507121659
13.5174920206368
9.47862069405798
9.48705801927862
9.11096311441416
7.68024638099748
14.8361767004345
4.31190443728848
9.2985520707977
9.30070914837863
10.1512899519381
9.79218639753174
8.96869339840171
9.37305023740129
11.7718304055386
14.3323992479611
10.5056438346078
12.1511803350152
17.7256239303485
8.66750296727693
6.11941352442784
11.6504704376779
10.545161479402
7.85091013914288
7.56712530380655
13.2483192205855
12.927180507136
16.1749712978652
9.92670973138489
5.95526097865875
8.40797823896646
9.89789801789563
12.8431520444267
8.23661294998548
7.59562691865935
8.80510111454346
6.18896806333116
13.3761232049717
6.15728709435556
10.8575599178863
5.19282173836748
10.8763218457188
11.4233350641773
11.8926856186936
7.13926617200891
5.77533187220072
8.10670584170692
6.31741354409244
7.96869499795455
13.1024055026026
8.37147314577118
8.47742202010924
5.30235644309891
8.51647878073478
10.9983446723271
8.93499671675269
12.116262801978
6.17630716664133
11.2131621528976
5.91772391036765
12.8279459525835
12.2308650394947
6.79708102806476
9.63246037446309
11.2329890137298
12.6787266965107
12.1517820002068
12.7264399786242
13.0678712095255
10.2553399030677
7.24765932899408
9.05099330438964
14.3020946758341
10.4716300200521
8.63045998272181
10.1337657145428
15.7000097787682
9.20317144366655
9.41796724872156
9.47965959144106
5.50680887148161
5.15065678888133
11.8617687837028
9.00211134906022
11.158164532125
10.0035168429332
14.4533472263666
10.5859879314847
6.67089410637783
8.1882454131322
6.41859412717371
8.49169079417549
7.19809663678228
9.37848888539663
14.4022652488672
9.20758535447258
7.3102725040925
9.30642735752315
14.2787246649015
11.9456996806725
9.03074208640073
4.9880172930642
10.3896801896423
11.4225876675935
5.69434823993342
13.6310652215557
8.56325029490556
13.3785427018525
5.61554648072184
13.6254644214552
6.61417988960646
8.6649971707223
8.96575115224024
10.7041877366486
8.8091617395535
6.51285656212534
7.78476939687394
11.5755587402358
3.67182149807252
12.5971439628392
13.9572315248102
10.6709982029099
9.49180044918812
8.18994663017089
12.6525157811794
7.76281397511826
12.9056682546997
15.8266962657951
6.98213773219204
14.0629084292032
9.55176818117881
9.0457446805437
9.27715581569966
8.33056642801126
9.83960084565399
6.23911119147563
13.9669251160111
10.8581415151177
11.2070590820666
12.4161623966308
10.9626036792293
8.74968097951622
7.34956393715155
9.02306827616361
8.31577758064622
15.4457869067608
9.99566686690292
12.0594593547981
10.4071826099372
10.1289592884438
16.122278628535
12.451797002915
16.0357721028941
3.31880845271398
7.72868837160885
10.49947222091
6.56893352442825
11.8957257529795
9.44124068681334
10.5298122591518
8.6544417273074
8.65815491717589
12.459600775004
9.25535866319098
8.64630865044719
6.55014768287757
1.34119458120418
15.0303602841357
10.9589351352391
6.121457905769
10.2729054856544
7.48681761695593
14.4156938603685
10.3495378556887
4.85019225041315
9.97102447030178
8.05673231070028
14.3635295176126
10.2824979247788
11.2434501689526
10.527510300977
6.63767239536269
6.81817189142687
18.5271130319946
3.15603286313438
2.92306911753845
10.5742942447151
6.79420390907514
9.96065635219167
7.39506603480606
7.56371918658577
13.0105756694628
10.5574343662007
14.3221010665909
1.19301373978024
7.41917331797185
10.8061856776103
11.7360232749055
8.45090879286207
8.86911854505995
7.63882690234309
8.47557542196836
7.51459312448968
14.7226765613731
5.59878845340035
13.4745519489306
9.77703752428022
14.6111209053536
10.6055425122306
4.56290307734773
12.0680377340626
10.0040372839659
7.76997772331334
7.88078732636544
9.21624463163563
10.1037946214294
12.2760923714307
6.00990161338902
16.2395026354503
10.721417894667
14.145640557323
10.7523265415603
9.12678079077507
10.541352624143
13.3236645234935
10.1152486980049
11.1438383283683
11.2541109891049
6.65555103431707
12.0829471409545
13.0401521683929
10.4815254565174
12.0604156735943
2.99746569877578
8.19373365131971
12.9025524698063
9.4281168876662
14.954239953886
14.8103028994067
9.84668303959956
13.3329101738345
10.411715583196
4.97980034129214
8.37558160665504
10.0735254929688
10.3869607209605
11.0372910580894
7.78049074590533
8.89725194717159
5.0763824717391
5.02284765843204
9.9565943791945
8.80632420679829
11.3166753920237
9.2720893467198
11.608452443441
9.19241260318046
9.43850468910164
10.3624254344332
8.29406066285643
6.09233392425841
9.20626025043371
10.999326475971
10.4939011885153
9.31970046510385
6.93078942622569
11.2941400562
11.9112794734672
9.32528893299066
8.53609683834988
9.36190246797235
13.3913515157748
6.15784589985559
8.13437302685118
9.85969253789563
3.18816334909442
13.4625289880116
10.189150660806
9.8500154695589
6.94532573289998
13.683032502891
16.528526477548
9.46085163327267
10.8778586906274
15.1269936573525
3.71899538906719
11.0918270711595
10.6677735240117
7.40951396936548
9.67650909613271
10.6707693235616
9.01837616858516
6.76806767181776
12.5548511884376
12.3251920569502
8.44400894742909
11.7673722355518
8.54955879727006
8.76695409978081
7.26130706133016
13.2542696960017
15.9491481573954
9.65689969134476
9.42858898629652
8.5111763782358
8.79554095813064
9.40511262343291
12.276702519201
14.9640129256587
12.8181105225464
15.0239620233747
9.84187438886541
11.5661859608768
12.5590153380381
8.19948417115013
9.33145873429239
9.06760172784201
9.42639552454504
9.99316670137051
13.7372448061292
8.83788065775022
7.7847786531696
9.84866656597343
10.7386719963289
13.0738067316223
10.69204867272
8.05729562025253
12.6372290588053
9.10846496557127
4.49649474554031
12.3172368103146
8.68360088035515
10.3246872054964
13.9287723983447
7.40860225650997
9.62547639400077
9.45184682003001
5.82970971982187
11.9954641646825
8.44787351705399
10.1028894192299
8.29444275432895
12.7092125562594
9.99809014381823
5.60911143308758
12.9042869832809
12.738547551222
18.4500536025641
14.8250395780901
8.08378593474352
12.7252413649437
13.6467720968476
13.1847696559821
7.91299534407668
6.00201837721165
11.1755110907853
12.841122161703
6.92177719775798
13.1434099873718
9.45526081575537
13.5944029014958
9.56494337528047
10.4552968018486
12.9666047434946
5.49831727737079
10.138890810676
12.1661303717925
10.6440919535549
19.3884326482808
5.71064692343879
11.5446945211278
11.0951084801722
9.53204678711989
7.9699514717586
4.75742630208277
13.2990832417232
8.80283164674421
9.90289340139769
13.8584336753977
9.68936323798354
7.74145981999229
11.6637208734919
8.96741149971524
6.19433627217936
8.67218673828558
5.89937758697192
11.015725227157
7.43956447461334
10.3689004186278
9.15080560948546
9.48911835554216
9.18067585223009
7.60346303149957
11.4902699757608
7.49548257177048
8.86385159202176
15.1087994275008
13.4452082161784
13.3905553906268
16.3175767700966
10.6637050521478
8.14425688250873
8.80700672916502
10.722362121551
9.51436338021087
9.12560287505163
6.81248467468991
9.78326604763107
10.903748776214
10.6660853261618
9.00358112506284
9.58453517725756
11.9572690980762
10.3991794396398
11.3242200168862
6.48518973369618
9.32278252048608
9.34690771107529
13.4124129618673
3.03629358176788
8.16917814143778
9.38612415551533
12.3492359967977
13.8915425302185
13.8777721450363
12.9899920728722
9.12861852760622
8.77619739433522
6.31238802438586
9.13305414336516
12.2984275007406
9.23160057420984
16.2378659679962
4.19903899230295
14.4744825330054
11.8956377623003
13.3885888464973
9.40531516245975
10.8698406244374
13.7434487138354
6.54759224731867
5.25711436704749
11.3274030739267
10.4529774169238
6.46289591280212
7.54816492464239
10.186006323087
7.18137411302665
8.68363272971822
10.3827861332549
10.9367454791524
13.4341250721567
8.41270266454963
16.3309382789958
11.6134939552128
12.6046517082894
7.17108286772915
10.6774151476443
5.89034737468918
13.1270891938358
5.78715901334528
11.1167070532842
10.1033773764025
12.2422780411536
12.2262448617545
9.1026987858918
8.38763537970343
8.25543297338493
7.95316910873802
14.2433127602541
10.0369415139388
9.44716901254549
8.94259838994176
10.9210907108575
10.4188566522009
12.6280257585608
14.150562054791
2.79074235967517
5.90266512130752
6.61260471350075
15.5262671192126
6.5086190996748
10.1133674782971
7.71108470294429
11.204918946677
9.72272705072305
7.39112715473002
10.0699661061754
7.59043845615502
10.8706720608766
10.7585701140209
11.3932548417728
7.87426751745605
7.03279231233001
11.6822778117958
7.92906787236548
11.2514317524997
7.98248364804761
8.4832091914584
11.2626570842106
9.43469293929126
9.02288428416427
13.0388330430383
14.594099779203
5.41135703135014
10.7118477873157
8.00052156735858
0.587807322409152
9.38635118399086
14.1710073549559
14.803409592874
10.8127675392357
10.9493644726505
11.2709607646396
6.93894613224884
9.55216499295232
9.37389943698485
9.92496429652452
13.1976199773029
10.0225091440539
9.59721206431605
0.770059535320378
5.9862821557431
9.8819597012013
7.09799658458146
8.05703642770349
5.36563583431315
8.63157924645387
9.24990498431362
14.5111208498925
10.9237204899137
13.4544324891538
9.28817581302672
6.96553610372539
13.6084365871783
11.2648107039975
10.1211083546732
13.1338371672341
6.71220750205009
7.44445705859179
11.3270775847613
14.0674513919251
14.4247464718897
11.3400153948631
12.5145170219303
11.0197704015178
11.2961534551273
7.73404277579307
14.6515724552221
15.1012430811269
10.4780719305766
6.00046693761153
9.75965455310258
11.0301646382283
6.45481484754621
10.708124820192
15.1790894938456
5.08495600202587
12.6389653971461
10.3147612171487
5.1455110750966
7.92179962767462
4.12097486520679
6.43146230730992
4.65287676120578
11.0246350193409
2.94748233753944
10.9125241126131
11.2472294806919
9.70287174670907
9.17669408430975
10.6656002826912
13.2881149382632
11.3135480473417
3.71548302839208
6.29511271701625
10.7996009419305
11.2541287903778
10.7964023393279
10.9556165040113
8.41808200887784
13.8348418559298
8.44008367324333
10.7621792119689
6.26415570793321
10.9766077518269
14.2127818376846
10.991737615543
10.4758809188231
12.8025371909812
10.2753072205221
16.9518234069438
10.5866523232981
11.0144436825835
6.7837668582832
12.6120570841261
6.57672023376502
8.89232547537527
14.3776888170804
11.8290085272113
7.44077597744076
6.8190173754699
13.0235845698463
10.1537391250745
10.7996856233927
10.0296001225284
10.5912948218815
5.37119953783915
11.4126122103528
11.3689908989795
11.1854265761959
8.32645744308551
12.2194541306058
9.46269530262786
10.4429334063209
10.8435920831141
6.97112567948745
9.66462239688788
7.85170743777777
10.0353680309938
9.95241612258113
11.024881351249
9.06049861884031
4.89218197358861
10.9764996307714
11.0068476744133
13.0292675908929
5.03106792737677
10.6209396606582
9.26645078720926
12.0703588434413
10.7488062835145
6.83850198884684
7.72170707108439
8.65673486921087
8.02478880538148
8.01445018056063
7.9799682871091
9.53368391883553
8.5710621634991
15.6618793171768
6.49635382712975
7.78028944246692
8.25267153192331
9.70162286991448
10.9469480368888
8.45820906351558
8.53956248755813
9.50467642663364
13.6940593188495
4.84482079085587
12.2634693835954
7.31662066832255
11.1783317860153
7.52628911618832
4.70193876263524
11.2940413054689
13.585630517902
12.8859082564411
9.75920903439624
5.65706270608483
12.1659139181448
10.0046247688111
11.6926253488883
12.2542208463799
6.6722105696526
8.8203722834665
10.3218707720882
6.47566920077215
9.02615892493052
10.8893160289485
9.69512069512636
9.01444375961579
10.9035767561504
9.48156742480204
13.0756884564142
10.3643353544119
11.015098288117
1.75209253491181
14.4109708296227
11.6413200857809
8.57050084802437
11.6279267464402
6.81564044581075
5.06515917461782
11.4613523497082
7.76088978327686
9.81692494221591
4.87235292944849
14.9306551813341
9.73919083812214
12.2844327390223
9.92479853768251
9.2952876375216
16.1918971849068
7.86583866227166
10.4308311897165
12.3629785996446
13.4632540366021
10.295386191903
10.5492578400699
12.9614125869449
10.1457509209836
15.0700751905215
13.1805626173479
3.53120997659202
6.34711785350482
16.6513910935705
10.2653776917652
8.75810051834345
10.9823596751946
7.74390827753604
5.38571444072715
9.02574306099933
8.15835774271382
10.1299051238144
6.68453174751854
9.03856586377226
9.79644128199034
8.99676578694521
8.42014588034415
9.48066939785493
10.427448049169
6.87600892906841
11.9213032093048
11.5135816964405
7.8000395084451
13.0827747794354
8.92816996327332
11.9840362396732
8.3411100526513
13.4743195848814
8.28385419674679
8.89612284532373
11.6025743600615
9.19342462911227
2.6322197601145
9.37388569584055
10.7370891055426
5.55092927094208
8.91056887421998
7.18979558332939
8.22085737393144
10.1758342449441
11.265467025265
6.45594036742018
10.9395640623449
9.89533069450818
10.0840344019436
15.1387147835381
5.7127162683402
15.6228418587918
11.6660521043326
14.7186604173941
13.7550289312002
8.81536811805426
6.70507862318675
8.31486722017464
17.6267108934763
12.0564732712748
13.5465293391105
12.6658406691851
13.0894056974684
6.69454924484978
6.61473433267765
10.6626478251917
12.3850620095513
9.45257212879353
10.1207590993408
9.01297215648848
15.230994527727
9.71960639779117
8.65368640745089
9.19404231594481
4.22073688881024
11.7329128893127
10.6237365968369
9.84061719119576
7.12501288439321
0.283091996569059
15.5466093193959
12.6447251460875
9.63956844300249
10.7431537852652
11.7001413583177
5.9142826625805
8.02151691558065
14.1697517370718
13.7624856360172
13.3027045114057
9.1235233453855
10.9542171551834
13.4018963423446
5.95052835549671
7.92228133781676
10.9430938742314
8.76968476765405
12.3316537427131
9.02669532866751
8.89263443575819
3.49565093361896
14.2916272071787
11.9051605916099
14.2745279789975
10.2341361481454
12.4135050020328
10.627330422419
8.20882304352901
10.5520351450406
7.53050908562652
4.10231681572329
13.1588744296168
9.59797724407105
7.70250487337562
9.19814225582274
7.10622760487354
12.7825331212272
17.829425002128
10.5022176533255
12.0582189581541
7.00876016720028
7.01814550370286
8.49091701741394
11.7801012822995
11.3328642599084
12.9538886790877
11.9792481560854
14.8904545009076
5.39504803188945
10.404021142543
4.67318283444697
5.17686788132234
8.51159095525188
14.3264732805213
6.5240213798097
15.6812873603193
11.6918576799105
3.90728508195504
10.5914212182158
11.3358525079761
10.02039220363
9.95948868653405
7.67438910175366
11.7745500240564
16.2931374428033
10.5780949989555
9.12418349149526
6.81746500332615
12.3706574511249
10.2277223991307
14.3795004845986
10.1091878400042
17.7238044889063
9.37533989898617
6.59636149231126
9.55682848382168
9.89631132826366
13.7238975888956
12.9424714318297
10.4765301015622
12.7387965222328
9.42903716898321
12.9590003938284
10.5243562462838
7.97312917471611
5.91617607955549
8.29721056825943
10.2951197164979
14.104055949177
10.6745668229017
15.4138133563826
16.1305722055735
7.72788012054934
9.80098792657174
7.74554250437406
14.1356570331864
11.203203873734
5.5348370078301
10.1009925446569
13.2533695024384
7.49308247295484
6.16388488426415
14.0343979421186
9.09192497564412
9.33114562556484
12.8701116656859
9.08731288594844
13.6482113885544
14.7199446186092
8.66409862937732
11.0929435051199
6.84664244051029
9.04738019928284
9.46850411303119
7.80931795938478
10.2294466499897
10.3755785511634
12.063168713619
6.26928276269307
8.78560676331002
9.23897753403956
7.16700472864946
3.50626385846054
11.8786378552333
10.5233908921379
8.08965520665796
12.4006363702012
5.1948053435458
12.1102945246498
14.6063689671993
12.1360176454991
10.659017777741
4.95898200115012
11.3087455225334
10.1047879109109
6.0260358004522
5.34934772072427
8.69395686772267
13.7416968622161
7.53224110774828
14.3554553356263
7.00818797672552
3.91058912161958
12.8015083644565
7.8523424301705
11.651809898048
8.27365812665459
10.5757895698562
10.2836724227311
9.85497411156892
10.4204959599367
10.1028700082774
14.7463010816
11.6419869425397
5.84393922524155
9.41838387937134
8.45778899490006
4.59200178647359
7.44901742489069
12.5997386910469
13.5680765051931
9.74897401682158
11.3357154453687
11.9558476588758
3.80097541180064
10.4132967722603
9.18993125293842
13.0348515105966
13.1308877844564
6.8893817285368
14.167956487934
9.14363274889033
9.3583214437996
9.30884259439846
14.7382938064916
10.8038335187637
12.6680144229299
4.58822752170678
10.914798031968
9.14762001930377
6.97154859212371
7.89076930913855
6.4361044814074
8.7696079181543
13.2428680479549
7.42055871072787
18.9931506501672
8.41178786891285
10.1455225453636
11.4749875050525
15.9033005630556
11.8121511271828
16.9018357265322
15.4942574724066
9.00861016128038
5.66211639757724
10.2658732488539
8.45098975999473
8.18360998623183
16.4607488640996
7.34328456653986
7.19770173267428
13.7028957595357
8.10081612060497
10.0441899023663
8.75922087855223
7.90106144168766
12.1893016259451
15.9125252185573
4.04890887891656
10.4088277143068
10.5259469813721
14.1721863921806
13.3569311880658
8.67223344044083
10.6003896406485
8.77134653450092
9.71280045790547
5.98922432586072
10.9916496656079
7.61039936884516
9.54592122425633
10.4219917294092
12.4024654863281
11.435066699174
9.65645379182505
8.90778858201045
8.87749114688347
4.02279981044223
9.14684342939118
11.0699606141208
11.400123521122
5.70565844053701
9.65885347930623
8.92329507736027
10.6547909242451
15.5847254454167
14.3541448741504
12.6839587295495
6.38672328763424
10.9463069195283
12.7156023614196
6.47971583016604
7.68998663064372
9.48440927502921
9.87135310180456
7.72175701645274
11.8281767347806
12.5975150990626
15.1832904195056
10.9508665115886
6.37571551807264
14.1930718219519
11.9733431858248
13.4484850683663
8.29028991209232
9.62212800936338
4.03542425742866
8.54277653001738
9.35586782989499
7.23769878692371
12.1088226127258
11.2181279362688
11.7198538395145
7.42210762900186
11.4287682870399
12.7861664637283
5.46787490034967
10.337242546783
13.7049583369859
8.91532837084163
11.9959067957273
8.98346171826611
8.22730190913111
7.76579570274646
12.6472065818988
12.663196923694
3.32090116095386
15.9358104537685
10.1764452861283
13.8287840400105
14.5309653583451
9.26590267586718
9.61107639131469
9.33219280183041
10.2651137605582
10.7848285334007
13.6788971816686
15.0234303340652
10.964121070605
12.1712401079518
12.5936227215948
7.12299633565927
8.16129709862366
8.12423628624371
12.7982505886601
9.76791733961288
8.18422530862501
7.97957871159672
7.48697425160461
11.2516949626926
9.1546842241586
12.8518124489716
7.28807606508712
3.48443564879094
17.3047952512011
4.76584133494975
8.93823024830612
8.57275572354125
8.55581951012354
7.32107133734644
10.7295035099991
12.6854368285429
14.55490404961
11.8898321457164
14.5642996028392
7.65273220322065
10.1044756410471
3.88757463730645
10.7648242204314
14.2503110453781
3.73874525027431
8.75192082963611
6.96151299296441
9.48144703152404
13.5777698654736
4.394490955332
10.6913851536792
4.51605997241357
8.21082798870535
7.650933516002
4.90609329341766
11.3994312682251
13.75498876283
7.00599200679479
10.2066219075326
7.97034833519752
10.5599228565181
13.3208012241288
14.2814647330845
6.50850800819403
9.94655560466216
8.97947630735493
12.2318743266995
9.11172143829759
6.90205589671741
18.5173325347304
3.60943663341753
10.7034406847651
9.64690937850234
11.0316496477431
14.5982991299603
4.19371129741992
8.37270234756676
12.0615952727537
11.1257428403631
11.1747706059454
6.73920890319238
18.5205997532615
13.3876886233493
10.1470864677163
8.04018474305251
10.5002260519149
5.60075624535662
13.7387257459525
13.1617442804217
11.7219750659896
13.6806350535643
15.1022600363426
15.0014323597494
9.0438836617709
6.21985868225343
14.1084839720352
6.54765972741145
8.46638524581579
9.15974059601061
12.7037249207547
6.94665772400272
10.6607442732795
12.9633389306196
9.59044696683799
11.7800587099019
12.7325807965111
6.87660197162385
9.13742556392733
8.48278997351931
11.5607711770422
7.50031226992653
8.3773040861728
5.64675180314228
6.09371031083766
13.1222425390681
9.56919141921273
10.4996613795403
13.9143144719119
8.01506174581801
12.7348064245672
11.1023861743283
14.4140942176822
10.7064632863338
8.16960703067489
7.1513375169381
9.51839316984177
5.26841494284698
16.4716470470385
13.0865161172846
7.36929236111272
12.3180094456819
12.7654009892554
9.50956820223879
7.67990428670118
10.8945338249032
10.145138490453
12.8031103040186
13.9320007884761
6.62274045926734
12.244438041491
12.7624792986534
10.2841952677657
13.4033787504516
13.4855004514775
14.3236834974178
10.2154594995116
13.1619154450701
11.8105681794059
8.99153532857639
6.88593500600536
12.9623866122318
10.4931908986573
5.46861080674801
7.96455310308788
13.5702819681529
8.83546962537988
6.52538046924952
14.6939526343911
6.8823116871923
13.8427054811857
11.738087487705
1.73119983888403
8.1465536348279
3.47023935336343
9.98443077451162
8.5450174067615
6.48854208109174
12.8070757128379
8.66365491421518
8.83637320544077
10.2346451023975
9.03364515809368
7.77226313885565
10.5366314782922
12.7857094754265
12.281201762525
10.3845483618653
13.749081420348
13.3174742101195
12.854030749991
11.4037474789239
11.270226994993
12.1990012290667
12.8511835168641
14.4470348833218
7.42784838013416
7.27002302175902
13.1965091120273
7.92193645095871
11.4150533890081
12.3850437524357
10.24100440029
14.2739878336868
6.23878723871506
7.13769290944821
12.3704366229974
11.3123080347174
11.378249599406
5.63839076435745
9.31714491735979
7.83837641873733
12.5135730614505
9.00372374482417
8.32041121169271
11.5031279304253
12.9629787489483
10.7077751201664
7.11439030715153
11.746613241239
9.09138684126397
12.2980675737805
14.3023687515856
7.8159385250665
7.23471306493258
6.86511219306094
5.60864443752281
15.0924534124802
13.1094234019806
13.7738100935121
14.7161606087947
10.1825201594671
10.8754596718753
6.29405179033721
5.60377397373587
11.0800907107885
8.95802691238499
9.34817162480103
11.4979274468756
6.90444250218863
14.7360906292288
9.77205007136135
12.0681540114289
10.3863387855718
10.004521109641
11.9897310734072
9.32297077747725
5.48889041490079
2.75465141693437
9.98196015021235
8.87154225461695
10.2641675705099
6.84499274141795
8.39838641237051
10.3997272893037
11.0838737550347
7.4673187919457
12.4163025834573
8.27881839124208
8.58503306200011
13.3099663992145
7.62977358693427
8.92321609128344
9.64671617177836
14.3713299064351
10.0624090972559
11.324177262696
5.6814009475743
12.2432304077926
9.23434816359895
5.99971780752393
11.8885030231088
14.5359769277898
9.01570472817004
10.5547944323938
9.96345585272866
11.4713306716755
10.2567798045953
11.1682958515977
14.1560802712991
6.53363858820909
9.76745250968317
6.70510715566755
7.4294626594054
8.35605309066598
8.4980161628886
11.8763127424183
8.66312324341419
8.71053557295886
9.30414104184319
12.222980908924
9.75406850186779
11.8098230540963
9.03373491470858
12.4900447064396
6.51394103355285
12.4913331869216
15.6423925295851
14.9862364882914
11.1392087159773
10.9461875535493
8.34235788437081
8.84718309904838
11.6781713648197
11.0024557566319
9.42152520557169
10.7853770832018
8.76529781176722
8.01441940968451
12.7652927870287
8.8154546401103
10.6333510977591
10.606055955922
10.824227811576
10.7994068723663
5.76783455992821
9.63903736052658
10.8532310222086
5.61440849574523
12.7587110628159
12.2801951964417
6.20908494971457
13.9449305960269
12.7362710693733
8.38198015171814
8.65753558115857
11.5597104045007
14.46224008186
11.1955540987396
8.81953896498128
10.4815002023695
11.396692483633
5.87366146268801
4.67606001945135
12.439552066413
14.3702733543723
11.4537072587577
14.7387940560618
13.4437529165594
8.59392356926711
9.6480612034156
7.85740220836189
10.5884080224345
13.1575754690055
10.5109073351719
11.526378370342
8.69411814422179
7.76205210771522
7.18453448077145
14.7431806020598
4.49517630625992
10.1229294908409
10.953863346732
18.2170788816827
14.0748714577126
8.28547232079373
10.5286382330097
9.35399608859339
9.24608277005514
9.43378717335446
9.63168505247286
10.8592029439765
10.8205723008241
11.1503427558902
6.40514686694175
5.78036765532543
13.0157620269833
9.00448103865236
18.9838353092213
5.51145315747991
13.7687530630202
8.66820039026947
8.79842674622692
11.6540761552715
9.62086001210049
10.2033746855978
6.43589320420696
12.5030653102051
9.89139176132226
9.32588031685322
11.0783893055256
9.55689424193269
9.3242779989545
11.99245293332
8.32769113354918
10.9318051668409
11.2697367811486
10.367055504999
16.3360348985191
10.1767607045728
10.0400124533483
8.87134834847586
12.8275571826072
8.46599444476842
6.00093970625674
7.21697758644262
10.7771633811008
10.1376474403808
4.12683689235784
13.924985060385
9.97354595419433
7.65421564692133
8.99595776682375
5.49561523339962
8.39674196243514
5.78957859088324
9.99684032035387
7.47207388437701
15.2831060511843
12.4151194294598
7.00739971464911
14.0302127764395
5.40674278815546
6.42666077718114
11.6212720409426
9.86814559300343
11.7310800181798
7.42019903800189
7.08440582865332
12.4877603473162
9.45078576253257
9.63957538940088
8.95557961712844
2.83461171198336
7.71588073537596
11.0753752267182
9.23428005155492
7.9802226689278
10.7281235949641
9.85463922975131
9.7245176546053
9.66447160331468
6.55075227906486
9.16705243923755
9.37094949396204
6.99874891747102
13.9892557874452
13.3242557386718
8.51310667248545
11.785436257895
7.65108258393119
9.64372282466289
10.0130320322709
10.1792589468985
8.55368388956062
7.75207551969951
7.34282566839637
3.91646416767967
15.5703182304917
13.3061423535495
9.61976897443716
9.06824489757947
11.1232233025859
7.58767614067204
14.6179309658197
9.86696130508918
12.9148183403574
11.441713578011
11.73639656403
6.90392726882639
8.15268924526441
6.50859247398794
15.9403027994452
8.98656748557241
13.617804715525
10.8632653345326
6.09742555620817
8.1187518033249
13.7835328724847
8.08689338566917
7.65515754289507
8.32771676640555
5.14219316500191
8.72375967434219
12.7983701268459
10.6036471614404
11.4827506088697
7.841466475209
12.6971295779855
11.5281770661039
7.92214926784803
8.27952114732524
9.47642198640613
8.1983241351622
14.6354453425417
4.14107744968029
5.66075311768163
9.07896356528377
10.0571342934836
12.5480173666625
2.56899720491528
9.89141909722485
13.1110063399668
11.8001371692178
8.72731223121471
7.64019382272447
14.8842143672701
8.7830367987722
12.5699678365271
9.83205336869897
8.7024033434617
8.59348479066111
7.56720980374459
6.83455468717515
9.50106334692649
9.6446494835015
5.23046160831564
7.61179961270535
8.28802590344748
6.56401908515045
12.6018574976899
7.60272627601747
11.9585219896209
10.0485536257793
12.1537751084254
10.9529757376179
15.4054326158177
10.7132051314405
7.02693438285326
8.76068481396733
13.8302485908017
10.8244708466639
5.48782342579061
4.66649342491968
1.34482594471675
6.06299758054461
14.115626285915
6.67425980137795
11.6411515627523
10.5569606914777
13.2740890909542
9.47286465337674
10.3757317584472
11.6717988903705
3.41908655895361
7.98675954017943
5.92036328560639
6.51432477967148
5.84360357612371
10.8872051632417
5.19632773362464
6.8359143051229
11.7644510495824
11.6661739162014
13.5068760334136
10.5435036227819
13.2255858292487
7.06677571523289
11.8106049198861
17.1152672901385
6.69477483538795
8.00471596180041
14.0315568900346
11.4565261806529
7.01818957007867
10.0936459800077
11.5579578516098
5.7797579833277
7.31047033879613
12.8745580405296
14.2585375365385
10.9012711083481
5.12180060999806
8.87686788860904
11.0533722480375
17.5693625151909
6.04754898924466
9.06424283714819
12.526698518045
12.1923667921014
9.06191531487306
7.35701025847559
5.03027885315995
10.8469973402538
11.2762519130164
5.03434149616194
7.61417676113258
12.1879916446688
6.68452280281944
6.16569796294099
11.1797752714345
8.5351574306648
13.4755458889634
10.9995648721732
5.71276372852125
10.1022836931083
10.179552431782
7.36631172309994
10.7577900177758
10.9648575446208
8.60847570004744
16.5024366153735
11.2421081073878
7.56555210364336
8.25368412827248
7.2281437416695
10.5489632477938
11.6760106512032
10.5820613513013
12.6774624038752
7.06346769926514
11.9104161776595
12.8781780665805
12.5904885463203
11.9910753136802
8.72058708826967
11.0163454463311
10.4487843681217
9.96785869811019
7.72083401419812
12.0654399127091
10.9528769238387
11.9582426761268
8.69184464340764
12.8881537310634
12.805018165312
7.75131632802032
9.16045147121121
12.2429571997472
7.28123099744928
11.7955815705477
10.2972165144614
6.54745723800517
5.06522180687422
7.73875231308121
12.7794998549082
8.55928844229419
8.40772790882847
5.08175699008916
8.30140025458546
10.2776907849476
6.8983210851673
12.2567118883669
9.5211486301387
9.58098455003427
11.0420764556329
9.58202311545338
15.8481522835425
7.37012479536133
11.0452175540377
9.82291767073417
12.4427965020206
17.0870741165493
9.16295941847379
11.170533260104
1.6341065856501
7.86360993937416
9.30509330217256
9.09115838929949
9.67015274210695
5.7871519536597
7.57480652886414
10.3255444576124
5.96626241709357
11.4597886198902
10.4142267200999
9.17173030427874
10.1533857644752
10.4117711809805
9.0642981983512
12.0638998785115
12.2659372851302
7.22814694047063
8.36435732394056
13.4872573348085
11.2124478135139
7.31225337096406
8.02179358166457
10.5324241517852
7.9795639966167
7.88258162223542
10.9130134066912
8.8765601413992
11.7719018710443
8.67198524762721
3.94165249361434
6.07436381922086
8.29516833255746
13.2124235507722
11.9429520946526
7.43453558836171
7.38556105596412
10.1166693557866
6.70508780646086
14.0644826251136
10.5377492094573
6.34595082197253
16.529406715187
15.3886386228661
9.03534154520172
6.72173559394953
9.16409249145466
11.7005607618228
8.85323032230856
12.8706745770468
5.99774646123556
10.0397623463867
13.9102260156122
9.9516423401858
15.8005549818198
12.294320615539
6.90423089455772
12.1483019300448
5.85623898544687
9.63909431617472
12.9495350504344
3.1087450695399
18.2035657804216
10.0175287846868
7.42748023245358
9.71398608973782
4.57235994628375
14.6340538405152
7.41552008720664
7.27985141193868
11.2614658049695
14.4603318639105
6.25559227774868
9.41342924867484
13.4385335338323
9.31528081855752
11.1874621427987
4.460126512456
16.2962861667386
14.1194437960324
16.0261368715129
6.92130779298082
15.6459234806608
14.3683770607872
10.0287229360642
10.2751795364843
8.01922637194235
13.6244120394964
4.86365122003388
5.70351140026034
10.4384045032487
8.21466993137256
11.3684244070154
12.7148943940779
11.6876835011129
9.3757844540353
11.1681356537551
11.3695567055337
5.23028337772034
12.2028752074889
11.4778019967544
7.85068780101919
11.0701069211847
8.38496219235383
15.1881674105724
10.4547048982532
10.5535983538485
10.8748433900145
10.2486645432323
1.04902920406619
14.9429980525891
12.5092278580422
10.2264320786172
6.73650748304154
7.42668490088263
12.0598938858636
11.4842371664934
7.0103239637771
11.5990122213306
7.71653292565699
14.4913105745305
16.1199293473198
9.90092614621558
12.5650572696401
11.1347460921849
15.954077445994
1.63950477670745
5.45291633345111
13.969481407479
13.9067893387754
9.4853672244425
10.9096172217377
10.1056983647525
7.44369028762397
10.4444414069032
3.90255954560151
13.6277009187785
7.77213024324286
11.1648265709824
9.06831899721224
15.0639356316705
15.8155478305408
8.76035404423657
19.419945088265
10.8029695587449
13.733649398266
8.01229395104547
10.4305306099427
5.55030822200603
11.2481859592863
7.10696080065902
6.44985854698557
13.0090243246683
12.1626891180983
10.2748279249173
10.704189686655
15.9747651985293
8.36183078892473
9.36836120335446
13.707446806101
9.5250431677837
10.7640906443458
7.73828392610947
9.86392063752038
12.1271291427984
8.39475028174971
7.9876287274124
6.87608622063243
12.9813272875082
12.1197814374584
9.37476189958635
15.1402234146704
10.6705116680176
11.5457929151377
8.86950683564412
8.56480895194038
7.93979597809951
16.6893188807974
10.5921300941765
11.2961840867513
12.5024230362115
8.21475940458374
8.70700680933788
10.5507897162394
12.4098445235837
8.93231018509349
7.73127084507534
11.7098294212435
7.62665992250961
9.13228933572258
9.96446383441092
10.1019071367372
13.5235293491382
9.17188309618886
7.75817788655039
11.0405175487102
7.10282001460004
10.6983389211918
9.19456126704176
5.38379529755687
13.1821997051503
16.0801522003519
8.38968345801105
10.2189167899024
6.37694321027735
12.2508467164732
13.5859423481255
5.54621194023315
11.0252359089006
10.8209322930357
13.0701314676422
12.9888886094629
4.8586559583389
7.7850603986139
7.26081802275833
9.95430167316192
7.35890298525156
13.9897225191834
3.43800899544021
13.2813639123887
9.32352262766635
10.2532689215566
9.539634281921
12.9665010906413
9.88521331101376
12.8160946059129
11.4046572998032
9.0286855788939
9.43399409341463
12.0597960685673
12.5026130542911
9.40754053607703
9.1412316069982
9.30724258585052
11.9581296699588
15.8083766558131
11.4824628802401
10.6284255991039
13.6050442090678
14.1721120070381
13.9193670153695
6.76087203979665
14.8177804768233
9.2177287301348
7.7343492328407
6.38516833298397
9.0043468712849
8.00563262531255
11.2885899168821
6.92223064189661
5.07464026303659
9.76103562446239
7.47726319933014
14.4682755405964
8.09538319114555
11.188317615907
13.2177845749359
9.56111404295589
15.5968912230626
10.7246836522483
9.46163861072904
7.71934036380742
9.47364093845873
8.86628386436252
8.55970610803728
15.037323148014
10.5036630508795
9.69569360235483
5.28653191518507
11.7422145109638
11.0861681890581
9.84806562915002
6.97593557202163
7.58649099595988
15.1538963575776
16.2449376020449
9.3269334526673
10.4848657653235
2.78901726186082
13.7927891443404
11.8592765714583
11.0874922059372
7.69866029113775
11.0405270660268
11.2469276751942
12.1122468265657
12.507714102305
8.83335836633206
5.32039918603704
13.592334411809
8.14720253542658
7.82299950554136
14.0306931405167
7.25829663829678
10.7300961610979
9.72135908246923
8.29069138208646
7.83434472173089
8.98144010047738
10.5195330105856
7.20907593754797
14.052719626596
10.538718848902
6.56379321996448
11.0734112381732
12.0658176101825
11.6187425966022
8.51775973447259
8.09058546479258
11.3168075872799
8.31633270782946
7.10219983902456
8.8202616145002
10.9035028402969
8.48690257358737
10.6760041999631
13.3878518430948
10.5738148308887
8.38365368650874
10.0086517480702
12.6826920220442
10.9727054934721
6.36831158765398
9.95022306259778
9.56729795854625
13.5958138148927
4.90192376068155
10.0122056666467
5.47423870642314
6.20609653661879
11.8012282349466
12.8502445236395
10.7371505125647
7.35432758486787
8.57204942334464
8.86199920069445
4.14431890324849
9.19934510368044
12.4495575379214
11.4935575556101
9.54460508899213
12.405115789848
10.9630568418894
6.92954850497602
12.9230576879421
11.5997827575492
11.5893304506798
11.7811335737054
11.4426203928746
10.3687347011936
9.34898950016299
14.8439184237472
8.74777084267111
9.6549666711571
10.7230078941209
8.8672482709854
9.12576201336986
1.05629743321822
12.0685570629607
10.4602299291364
9.0913331095576
12.3509762906793
8.78186681952364
10.6546042125755
7.19478081137072
9.96589586692591
8.40041019154154
10.2829390963037
14.3149777486431
8.77547846750291
19.9132574729091
9.31861998463289
11.1615069455361
9.97709783267736
2.39240159022622
9.47127457921134
15.2129346875218
8.71225147014133
7.49824954598698
10.0529704193387
15.7683325923139
16.8867270773854
7.3262092045099
9.29308385664147
9.90677253311435
12.1467090723964
13.1550026775182
6.51659645047006
14.7976521605506
9.03643262081646
9.74318284649376
9.83004572768383
5.6703800513807
11.6809569292163
12.7948698745236
9.61745482152925
11.6519336080826
13.4193270664912
6.37238434911301
9.96035624170563
9.99188034340324
15.6765417760011
10.5651662656783
7.70813144710393
10.8270291393968
8.36455346847721
10.798964206517
5.24503231381331
14.1482628079422
12.0271714192747
9.69375923157461
10.917036136514
9.68043110676576
7.0059822160292
9.92940261417333
6.42488257473099
14.0918949816222
10.3085659213552
11.905040499086
13.8985621467964
7.63265646253803
11.6230610377033
14.1115854967958
9.85545543789996
6.41885302278704
13.0413932506782
10.3839610686331
10.5277171206462
12.5150261658012
10.3803521635918
7.61222374228633
5.98344489021221
7.4456418770222
7.20641306481631
13.7901119463988
11.2538139580938
10.3424613976414
8.82505094374941
13.3116750136253
13.2189827903207
4.76075723755098
11.4320698496595
9.6278500172567
10.1524933860801
8.56074773361126
11.7497390702642
2.69633993941915
3.40926346526442
6.18381924129802
14.3223988098584
8.50056480064338
7.93874470643557
11.3850237147244
10.7659576409757
11.3794066712126
5.97461543120953
10.1493734430242
9.34074984466024
9.14259781050366
8.95789048047245
3.83629198394865
10.0994843107723
9.40548536073668
10.2443159279245
1.98241427941751
6.20789552285782
12.1355384248549
6.17895383309653
10.6544066623518
11.1500332718189
8.89559774128204
13.0867857115188
9.17151513021988
7.11031846774302
9.27176215405487
8.0401001676853
12.0031406212786
8.90588794860768
13.2462557061001
14.7675797077903
4.45254892716217
9.24534976009301
3.24351522391506
7.60019412920039
10.0349561269152
14.970661844021
15.8647502196188
13.7890423901579
13.7725114238469
5.0815023657251
16.0304087912117
9.45301897250969
11.2790171860366
11.2475538183726
11.7605289582306
6.86614197628149
8.66891846269282
11.9674261550301
12.7709064296442
13.3843352981462
13.2702465132642
14.9046979658816
12.4648295256523
7.08636094569058
10.4694381950734
10.8471335704772
4.93713789998737
15.438098245996
8.35361706284272
12.9215891655097
5.45585002067338
9.15554056459564
13.8700039326817
11.7999194558352
8.15084968118322
7.63815579711819
8.59285881118667
8.18723018978555
4.94688318790364
9.36514890316892
10.836010336399
7.94047964588944
13.1359833103135
4.51641008113835
8.83676009793749
7.43806088625079
8.24168930928285
13.6709019423947
7.55113417266267
9.69415970647008
3.41524900441995
7.76469031360418
7.08414030391782
10.1292149854813
12.559271985272
4.72577232391174
7.49006209120777
10.2798464119416
9.29209457402863
8.87176685510539
8.36700765483292
11.0965532634799
7.2775819677286
14.0429907734443
12.7390394459622
14.0249128765832
10.4556337778566
5.46667204678021
15.2307863422558
10.1912800935102
3.60581192180946
8.65205947056803
8.40357485046806
12.0460341297933
12.4206377803637
8.16864731066542
8.00295443680576
15.1550144555681
10.9249406159333
11.5260262977704
8.433245785208
9.21967004102351
12.1338704373996
6.39471244074231
13.2737574535541
13.1322076326041
11.9241810573483
5.77555793344204
4.68564280618935
10.2600251591402
14.2869845567626
11.1387090896243
8.19993799647293
8.57769168475827
7.26804543951474
6.41751903405465
7.75520950736975
12.9864273750192
9.70899147332103
8.83497612106297
15.9825685762463
7.37491515631159
9.79941025454562
5.86753028844251
10.1883628860313
6.1177625524727
14.2747415520617
10.1525691828914
10.4061613544912
7.74291670148426
9.88125218742641
11.1660813918877
13.5758713332608
10.2153300354929
11.462529384748
4.56161700203665
4.2297948000809
11.5459786266665
8.98874433689332
6.72513812731582
13.2627218127888
6.31011988641416
7.98882214476778
14.1749322131333
11.2278431168044
6.88537609981222
9.38848156107078
10.8832893247367
10.0697839964871
11.7861695609859
10.6952085975965
12.335673590983
2.58447602035989
6.95781235214668
12.311603609664
8.12793400910556
13.06404646658
9.91712500229931
5.43207500682065
8.10196481625197
10.1987644456607
8.13300568429686
10.457263876453
8.12186500399306
8.74435680746014
9.22159340698534
11.3052075215798
2.51021206129591
11.6279175898337
10.1308658692956
6.34843180913607
13.3565139103046
10.7199148496956
10.806860454983
10.0329016562954
8.86984126064334
5.99131402003355
10.0121861119701
16.0716065932467
8.682096643114
8.74905402073715
12.8597038008326
9.91573216512231
13.3319263283683
10.2086311947083
10.7596728193741
7.44978868741626
13.1918552422633
11.5994148583923
11.7644993688898
3.25986810604457
8.5559969776804
12.3215890715222
5.31647087877985
10.0144435306351
10.1960223624604
9.0504348437392
8.21309192900108
13.6466851552162
4.90823637056084
13.7521403701567
14.6556105343599
3.83022943435605
8.7690257024476
10.7502047101346
9.9565638679019
9.97819802818611
9.16824344871539
9.57952521678136
12.0563194250484
12.007440652469
5.07597297347223
13.7471120287187
6.92884645656775
9.74254233642197
10.3818706674272
7.31385999182266
10.8063290058851
11.6690479011068
6.08834873077905
11.5989151727316
8.55894231905252
12.4700511989397
11.6927198507287
9.50392016248967
11.0933265544211
10.4589781222191
12.8519203930034
10.8527086232747
5.24253739202881
12.9114852606107
8.407780763574
9.18997711663722
9.24890025474725
4.38448263732756
9.97603424885967
8.50434707385258
13.8872488414756
9.91097457369932
10.9222956134225
12.92087573753
10.6568419126224
8.83607054986023
7.99458815313095
5.06324851393472
10.566711358414
13.2199224709151
8.08771643771102
11.5561145418025
11.4016507786299
8.00490762613405
13.2597974418837
7.89583879826199
7.27898654854775
6.24691650479785
14.8921363074165
8.64851574700189
8.23890914055107
4.78497923779409
7.93735665889215
13.3112625728275
9.03428748639035
12.8890465208141
4.55684108001095
9.02965093633105
7.50910516967377
11.3543200531385
13.2738252349549
9.87449855100677
12.7508214770655
11.2886545569712
12.4833971858057
8.91540874533558
10.2504134469007
17.3172872904135
14.1962466471573
7.62704986941577
9.40724399881347
10.0004078323428
8.33309465627499
12.617918039808
9.77538856200075
7.05458146685809
11.3516289749861
9.24748485880515
10.839966995509
13.1249623593987
11.3155041330613
7.95715648885276
9.08942674053478
9.02496732800074
4.81861047142015
10.2174963937663
9.38406559002478
9.82460016099463
10.2963153365853
12.251129882156
13.7116518302704
6.80425663358873
6.64861726328041
15.2444913211119
8.94449357774951
16.3947924898001
13.9329904477572
11.6656569351799
13.4498600818227
3.28357781901263
10.7026896345027
10.7697804383237
12.3338615491149
11.497067999233
12.241307155296
8.42152973954797
4.43350691233914
14.9925720585464
7.72989503000744
9.36300984941117
5.99097600410367
11.9141758778395
12.2201244025517
8.00671884478981
6.02013877201923
16.4902059032588
11.1166708069012
9.87488399317571
13.1195500212589
9.08630449648586
11.5129171073724
11.3854759085485
7.12654690239981
11.6877556313767
12.6362572341816
11.1268088101034
18.3849527306344
8.96906844738823
8.39644561042576
10.5566663627533
15.5423854874043
11.6462107892197
11.5550896536959
12.1645233942595
11.1266834304513
9.25427073270899
10.5454898780894
6.75286879378197
11.5478891559232
12.4994302625192
7.91957611755628
9.16901795699164
9.54472534782665
6.69391436046884
4.72052872115932
5.33221901750869
9.23285527672927
14.5128252547172
4.78167038019741
10.2093152372928
7.76020000424664
13.2383042521389
10.7113574799853
10.8381247047975
8.78296341147284
11.513788308794
8.95193288488273
18.2743189827157
9.91052436519266
9.24227193235248
10.5660675251459
8.57598441985202
9.62606994989897
11.1471616284421
6.20574443240401
14.4389694050752
15.8983715469507
5.02346908131657
6.52461130074059
8.01892081497166
6.87788681734976
9.14798757974968
2.55816168092461
12.7045930927227
13.3324158799209
9.14063449351816
9.23370437354722
16.8115830861013
13.6902583114707
5.2396734451618
10.2126889994848
9.2377573039719
8.46193340013154
7.79061869967408
10.0663486057697
13.1923270826425
4.84100628013328
9.89337898398126
10.0555912612567
6.097807870662
13.3826981765048
5.42463540850803
8.5338540598829
10.4241624604568
11.7967193267609
11.7626920273374
13.0835647620234
13.0379704820409
12.2792365112892
16.5113938008659
10.4338823090641
6.39163173029968
3.94526633317018
4.60584004391034
13.2587267818251
17.4108490769279
11.1576369188652
13.6048582031399
8.04568142951192
5.73664015473249
1.62840131072164
12.8171621035526
6.84140936704305
12.1796590685658
10.4592025442935
16.7761005059781
15.414737941895
13.1277514708943
11.7517968736404
14.0127197383071
14.7482833710919
1.84244513679831
12.2840257595426
11.3947255943948
11.8121539831924
2.64046071204717
15.6954777386079
7.60824121614716
14.3136835546549
8.32326663852475
13.1615432233308
5.64860105136435
11.2278371487724
8.03239166609311
5.60675452692853
10.8562466123494
8.85200487077003
11.7594767614922
12.031780728992
8.06126376451664
11.0769974796988
5.04186589188495
9.45724451679621
8.58301724002965
10.9128597311862
9.09017555353256
9.48629272388353
11.880100905321
7.55724214780998
13.995460063223
8.77893431108362
3.94354793581455
11.0269902838731
13.128089772123
8.17855850787329
9.10522883374682
12.3240978699903
5.33939020576564
12.6619943433395
5.51378366365172
6.38624529852274
8.25590127840838
11.0121526724606
6.67919058393044
9.0058188187692
9.15531826652836
13.5869855857533
8.29918019178427
6.65774373089481
8.97959044002403
11.2975270522205
8.33688803812415
10.6326585322405
7.32293650604426
10.1888408579195
6.5151744920807
13.9979577347302
11.7037203216434
5.01790814066771
7.1204797859358
11.3130246516667
10.3348146011611
10.3376156572195
14.4242970152155
6.82327771703587
6.51013052136457
7.13223539497233
9.81386747479115
8.47474728782059
13.0274637702919
10.654170783745
10.6422981250977
8.49037383395655
6.43190861153224
4.74753781178696
10.0302831126002
10.6321916646202
12.5050663891056
8.81017920374487
15.3643771069939
7.84933968058991
9.31106242085791
10.8053598161127
4.24340265141834
10.1725310695789
11.9033531226442
16.091371137076
9.12666846120515
12.6180713064583
14.7962346864201
8.42628232904615
11.7277239116998
12.063778291578
11.6764792096527
9.82069778688278
11.3744526779922
13.6945123085333
11.5577931505887
11.4180257870139
9.29882555202756
9.31062485177529
8.62419839614286
15.7211617675419
14.4442169341774
9.15848079095761
13.569927976371
11.3714245739294
11.1330486977505
8.34268863928762
9.20056049651505
18.0474171076183
8.0301729520232
12.2817680082638
12.2345383905179
11.5768328927511
16.2881926744001
7.67571961200697
7.59297599048609
14.9045204800316
11.6693254882788
12.558875383584
11.7891578464284
7.77654866724468
16.4484217132516
10.720430795103
12.5924319141151
8.88742467780383
11.1661190122683
9.26528337347785
7.74426178568231
9.37227960958116
9.52882337669275
9.21021523333825
10.7257374488821
6.44379032220932
9.15328241518505
5.80864508540831
13.3935504078326
9.94210845135113
9.08093332351378
11.542870645211
8.45107155001931
14.7628816057511
7.90763908482112
6.4070205210272
8.82977241984592
7.0133222836176
5.67709444976517
3.68881167071037
10.8117825008482
8.47466559161823
9.66346658792685
9.22756428749076
15.5094978017357
8.52377467461515
10.4739691235463
10.7743475700861
10.4113286026913
9.63819607449233
11.0229826380996
5.34028157767683
8.0504454555468
6.94810113689818
10.9330081005498
12.4875048463332
13.8118715019172
9.28636096936351
13.6922150078161
12.6301248812828
9.01313570153966
13.3375180285533
6.57461853346357
10.7898039102424
12.7240743947833
12.3851880749434
10.2097598340095
10.5805539354947
13.3949867155141
7.6925605234485
13.0854606699602
7.21170101643285
4.9471534796601
10.4116436421028
8.73628141454571
12.6204890870945
6.93083862306984
10.9032476780132
7.58606059002161
8.75802168637413
15.0161664140306
12.1157120891571
8.91057906580528
12.4546461665788
7.24111160435528
12.2242161934847
10.7745401339896
14.2325928298669
9.86806825519747
3.03435460980721
5.33167493757029
14.5361017273257
13.0595778690399
7.79708139039364
13.4813056192114
13.8175281003516
9.40695841358025
7.35950264596132
9.23609049900674
8.78903120548406
3.7895163684005
11.1230304136874
6.65534361543086
6.4839532381599
6.05696885182327
6.50735070870745
9.78747720014419
12.2914051461357
8.37033971029198
12.3645740603964
10.549683199301
10.0258552782906
9.01084605673863
11.2517501763712
15.3835231583037
6.96856892986082
6.91413554726817
11.6124051535987
20.5542900346414
11.3227047176727
13.5412735538591
11.4266673218032
12.261379428467
13.2843943602937
14.0344840222552
7.98568251303064
7.3567792299853
11.3768431665579
13.5772894950447
9.61778449885665
13.4812296734016
14.0056142675654
7.13314139483632
14.05547134283
7.60393967968814
13.260978633844
9.08137694248831
6.32892852866773
4.59175471006689
7.95100678377268
11.5186439706019
6.02671893523807
5.94538477946295
9.27254976698372
14.6533894624822
13.9264300220968
10.2737226552004
12.9425212387944
11.1703273454364
10.3764892712271
4.37536005856433
13.997273229498
9.79005083762149
11.463878367311
16.9956205333789
12.5942491694176
9.53862913638614
10.1250219873621
10.1055278663752
9.8200438556615
14.2463752761367
9.75590835725259
3.91575111983264
8.36484605288934
9.49942088427363
10.0565170794446
10.5041183040459
12.1722544552379
10.0292553142423
9.69216145392591
7.785431678653
10.0167715292053
16.173005605725
13.0552199720846
2.04159213086024
4.44204120371759
11.7322141657648
6.10822423354533
12.5188371793337
13.2786888195317
9.97060400318364
7.42398042595821
8.69114769034066
14.6563816444154
6.40716062464193
14.6998440039075
10.006305686968
6.65278078721759
13.3462126646688
6.0341539393025
7.33824416242344
3.84978485509397
15.0007936092854
5.64186574789564
12.2339817900265
13.495558575208
8.66451098843801
9.04083270628156
10.455163306783
15.8154292094875
6.16955919056139
14.3068143672908
8.10374823395984
12.2931596424448
7.74432276400705
9.94548684891258
12.5275553518584
3.79455459174484
11.180468009202
15.4552346559161
8.13795216387627
7.66467822709116
7.92279209780789
8.62693631539998
8.41814402024655
8.43002280556524
6.00456294566105
12.5862669049192
14.9780047727701
12.7416396649341
12.9319071995599
9.78636477905131
13.0877647447159
3.31199055273877
9.13628117352895
11.3545557526901
5.9974921838566
7.66862708107355
12.1141290046174
7.70076074929147
10.8676810461624
10.9120590905167
9.0809167962025
12.9721313633419
19.9207605093002
3.20714954484432
7.41285573601973
10.3891501325982
8.81281906762216
16.5782391084208
9.21612305488245
10.6037725967156
10.127237961075
11.9564864658825
7.67205848465956
11.6324809389679
10.7163009957305
10.8167857363168
9.67865540532237
4.19686197102975
8.59717761110909
8.91465558992433
8.08508380139236
6.3817314633315
14.3981396963666
8.79176995765065
11.4588184925165
5.61162166518693
6.05132125599624
9.53470243810382
11.4381028246021
5.77380585704228
8.8442971461509
10.8142517873061
6.07623176887395
14.168336534248
9.56153289426084
8.39697425236416
15.6257323879976
6.53346138497569
11.0404737494951
11.5725359308644
7.10004757080384
17.7455914510681
5.78981147388652
11.8785004062858
2.99595874342347
2.88585586619639
15.2973110550903
11.3497462887301
11.8867269707955
10.7772342392801
12.1723917477153
10.1897852371854
2.18525618694539
4.24811437853459
7.42736971083669
11.0391723949745
13.4646086897023
8.46015159865115
12.0376582472851
5.32047990459496
12.4283725162016
8.64711704451011
8.29009334389586
12.5854793765193
10.1894826813824
4.86510023980662
14.0736230717964
9.06797577686581
13.0090054058804
9.65063878641123
10.8642510702119
8.87156903836179
11.8618854967498
5.07708321209679
14.614583566605
11.1178158461548
7.94594488599304
8.97718612207755
4.94823872770893
11.5095366835225
9.4071843816234
8.01533849230072
4.16566355415827
11.5653489753608
14.3905383157044
10.3863909890642
6.16695577130227
14.4659847882752
11.4820027010846
7.38370142208347
9.95787520187058
17.5574571117267
13.1982473786008
8.9408312503236
11.1732979297179
8.88020263519374
15.4803531759299
8.39810190110673
0.435506940446627
13.9250508157763
9.15103485275522
8.63505114764627
9.85281347261018
13.9854074440516
12.8698647918407
11.4293784172718
11.7092159224722
10.9243382190093
9.89559745957879
10.2231309003022
5.32263635434542
8.62733357850395
12.7381772578033
12.4075669784601
19.3248950996895
12.9775427670717
10.3834198837683
12.6060395390693
12.2655098677043
11.5994143432239
12.8753917888763
8.20509475850522
12.675988411532
11.6881948264062
7.72921038436423
6.07557808857315
14.1743129776379
14.8540834579074
12.6313869721763
4.02437514089482
9.35432853704785
11.0609205527649
10.9802705484935
10.1496718762149
8.22760752308084
11.1381426595205
11.2446822967788
6.33242320566978
9.0359507594277
9.66428379176382
11.8087259753103
12.4366246149284
10.5647089989198
7.31638058519436
9.02693375270678
11.0540236430469
9.15943395408429
9.05665817024756
10.1653423153214
14.8951426076361
8.95064667396758
7.14307667725691
13.7591259351546
12.8257546282185
8.46258657327864
8.25917031343178
9.63475674319679
10.1766027577987
10.135542441565
6.72227293473372
12.1552569073258
11.6327960887385
8.58205956366448
7.91845393742269
9.95507885128708
9.88948806328949
12.0789968360301
7.5690239418687
7.63345445547935
12.3900527060598
3.87651889593662
14.8480475222509
11.1464797548382
7.82567513470964
9.48609278099359
9.42326256951767
8.69555789151572
12.9815192171099
8.01131688145624
9.79071177729424
10.8866750330213
6.84549083589262
10.3522893540374
4.77383795365655
13.0766175275479
7.28048679650359
9.45685535263633
14.9661007415523
3.65011255426955
10.6885530267318
6.31041866764824
15.6762589301258
10.6448400227339
12.5371106220879
12.5118074726263
10.3972215254717
3.7473020963135
7.46750872983672
7.39668742577811
13.267076573698
9.20224499718715
12.8529879948516
8.3298726666557
11.3571621056114
12.0552652630613
10.9271286651985
8.40928002523421
7.20676465088951
15.6088374020697
14.858308056966
6.78053692969894
8.87964370560942
8.84812725959659
9.84221437880178
8.95558345763878
4.6332515273584
11.3836781610762
11.8915676066188
13.2127077686774
6.78948821311933
7.2400434134619
11.8413738543579
11.2592660286158
7.14535402590488
12.7506484694765
10.4189968810235
9.52821958526205
6.92346785747662
7.11573849044108
5.95334174588588
16.4531905001413
9.54229695361325
12.3026755467714
10.20101399624
12.1263665832693
7.17334493672133
8.051555329157
7.00989848742802
9.22794208430681
7.17106959241741
10.244925271637
10.9713540616002
7.87340226305515
10.1985806948971
10.4225336489139
4.20260796822188
7.42985609768982
16.0241389270433
7.9174700658605
9.02928510868446
11.70273494905
9.77387526843331
13.1819335300989
7.51410332462794
11.2681779135118
12.4254697283692
9.66567974609561
11.228021129193
11.1769720942869
7.18957548952569
8.46750803600075
9.94622677396049
6.19022483832202
8.70680486163791
8.29572842747681
10.4618094384617
10.9058291328839
8.09822349629699
13.6176735228699
8.29853147110753
12.4098835659534
0.431724491313748
8.57624935947883
9.15025158415496
9.35697310611193
9.12146931771769
4.77444459716051
12.7846972405225
10.5504414839258
5.74942302476789
7.24319499134731
13.9947433158885
7.43933779753604
12.2787998119722
11.2479288424633
7.268867868595
6.61221998973112
8.9739458815924
14.1713866945154
7.50992632719559
14.1846489229974
13.4301818777307
6.16030982738891
12.4887200452793
7.99911422737328
13.2010816592136
3.78653811747176
15.0713637386798
7.34095617300521
11.1673481793971
8.93980383369445
6.674322461056
9.07617628321334
10.7701708853454
13.1259865827599
5.12171724340096
7.25556138714192
7.81374529057713
7.15402191268999
5.8636035130689
9.90646629028899
7.53626992011237
8.77476760515893
4.11095999914899
4.42543220637912
10.262372346018
7.75749549235561
6.18290983851464
9.17236648517415
11.8545663656334
11.1117256467708
9.04606035179805
9.23563841845475
10.6271912482916
9.33400255111411
6.28903628381698
6.11786591836706
5.92111645242439
13.8445750977927
12.9181703651254
2.79446821479506
12.2073164658807
10.0850941303818
8.32290495318452
9.78136470037654
5.99969527591163
4.89691473175097
11.1795744519891
9.80133166531836
10.3002424799642
3.27019236523351
10.2821529535235
9.20032025287367
14.0358497298461
15.9781639635465
5.20177680317006
7.37729805603591
8.47544453392101
10.9725870447349
5.64704609298887
11.6072451443797
9.95113641154486
10.1206906080817
12.3481682407317
11.0098939555534
8.88613644860367
11.0859277201189
11.9076419059237
9.64457953120911
16.2398586688151
16.55142286255
9.43076653621031
1.89491905943818
9.46653355229337
8.85976749853177
5.83733060175479
6.0905193767604
7.73940530976591
5.43457617738908
7.22520291107449
10.870270993371
8.56596741679548
13.0342114690074
6.38945720164363
9.65090796219799
3.09105641520976
8.70173928384736
5.72373555375438
13.4668891912766
12.9402694150007
7.30270977270065
16.4314489064648
7.59492465179565
14.6586660897775
13.6813994711449
19.8497765907876
13.5353617756198
6.75879319516044
10.0275357310945
13.9141014330555
13.7192583987003
9.09378134259869
4.77354240894936
4.63121367063358
13.2022548945203
13.463386320607
8.76564383447363
10.3465713609286
12.6459643800878
7.21437070037155
12.3650060493914
12.9146380160509
10.7377593177058
9.89994741616495
6.1180104555475
7.8825894126114
10.4998410807173
14.8265444986898
8.53468864430634
15.5384489906094
4.52349010866559
14.0563082340515
10.2889775697552
12.979979254068
12.8943929218248
7.44164258892707
9.40928076829621
11.0632036341364
15.0530227621668
7.89596610840862
5.87824149448965
9.55634953587006
15.0812916113755
11.7533862698144
17.3979724823112
8.09035646874348
14.9673979664617
12.1500355759006
14.0446201422971
7.47784452848261
5.75425886687366
9.4516766026965
13.3720517161952
8.58372467240088
10.0441178330468
16.4307940877819
